0.617392135793783	0.637431495739761	-0.180117550784897	-0.592027760859567	-0.372325162896987	0.229176766162324	0.324522482764461	0.440573922144322	1.09513911898433	44
-1.24786481613602	-0.785397038674274	-1.27112796958624	-0.790440814263038	-0.575066159359042	-0.704910675050693	-0.210278232778687	-0.516219154022785	-0.393388949542097	34
-0.0832379839510373	0.137521401873334	-0.263952500297599	-0.847195476290062	-0.393541665170877	-0.780359733285373	0.346342552643853	0.517685067182959	-0.427544433886499	64
0.302573030315008	-0.26320101285244	-0.0639329440723509	0.634598754394313	1.05979301061323	1.53704529486521	0.638232592281885	0.308765731378825	0.0758685326125835	65
-0.29978968467897	-0.260919690564008	-0.509267197783905	-0.529905060299788	-1.2716948959546	-1.86263386116218	-1.21567919233412	-0.740937179830332	-0.761468267508974	61
-2.23528950176881	-3.032428693453	-2.47607780943342	-1.57861107493997	-1.66656068846042	-1.75765479105737	-1.70882573499633	-1.08312256323762	-1.31317057405497	43
-0.745828774095706	-0.433381582315166	-0.737493993107178	-1.45532358722716	-1.61157427885949	-0.986941982485277	-1.60022271380935	-0.142617540198832	-0.472600830464309	22
-0.68518847607361	-0.965742217402919	-0.744670813864135	1.09715665964299	1.67362327676026	0.507046252210954	-0.282083061449428	-1.72285661043499	-0.811808723327199	46
-0.51039121992036	-0.930455472098079	-0.079249845906641	0.162157226528439	0.925723465940954	0.627089383730766	-0.755557611925226	-0.268495109800404	-0.331611624588182	49
-1.01860160346894	-0.675269749205298	-1.55228136745482	0.242666491224432	0.152380357233496	0.799272946881017	0.592461760560193	0.118013267361042	-0.120516978503695	44
0.0618522725850766	0.10884244306881	0.0423310741058329	-1.6766155460598	-1.52848126177654	-2.18585156103422	-0.483754368873657	-0.365539318860818	-0.754496666523228	61
-0.909185552252561	-1.56003895644362	-0.776414997515818	-1.01778400074317	-0.114822436617585	-0.608133934737598	-1.2585227651963	-1.71864636221439	-1.14911545948899	31
-0.106570016082109	0.360064898550488	0.0734264728031684	1.32682460235505	0.48677776811962	1.09229418048026	0.981717475343908	0.98854653625312	1.161118936364	56
0.505466170761826	0.349783441903506	-0.00972036313659749	1.20905351806675	2.00302782061313	1.40424575447937	-0.105497478669189	0.330892742335772	-0.206743618167157	32
-2.71138692374729	-2.07309324150415	-2.60350765091204	-3.56121699021551	-3.00887872355583	-2.65532667798092	-1.94816490917718	-1.47854566252711	-2.02160136246713	23
0.929546781305037	1.31918130944381	1.61263561719653	-2.1789849023009	-1.31305296803976	-1.92459988771033	-1.85037294021402	-2.26639725975482	-1.7064080892906	62
-0.569056405798727	0.392608687036895	0.10203528591685	-1.81693354515275	-1.84534410874272	-1.93926751416474	-0.502765265855989	-0.203141973234012	0.232368584308308	32
0.143045640030948	-0.40415046208665	0.410881589307707	-0.541286859282874	-1.29493657216335	-0.696133723824072	-1.12200750974775	-1.16661948988767	-1.29719750802244	59
-0.87870657460314	-0.835910123119373	-0.296536437660042	0.555745288797497	0.507985367409688	0.146420358179348	0.630631556362492	-0.701860401890087	-0.238193368585716	20
1.07220991991317	0.599767835358804	1.302114100419	0.753367335652998	0.550371695268145	0.496413070004986	0.505716475825712	0.185087918495517	-0.295715530513759	27
-0.540885754418303	0.435516962858441	-0.517692192662194	1.66742523996413	1.85087007700705	1.47908162558536	0.632054516964884	1.06415938648559	0.366516608415382	39
-0.284684783529045	-0.059862664401411	-0.282125103313681	0.234381603551302	-0.227865829713232	0.226587729686462	-0.426719685032192	-0.698691966198331	-0.261620887846521	31
-1.44609568980473	-1.60467650715353	-0.96483804497171	-0.948427935198527	-0.957967245873186	-0.878227463212384	-1.71478014441612	-2.29304882318736	-2.08249080938772	64
1.60276984753987	1.86612501992916	1.24890121121122	1.96814426520377	1.70938597377766	2.28413021568931	1.42638759516841	1.29828630252618	0.45783477831375	34
0.301641177365367	0.380508092250295	0.266132296757697	0.438272757936879	0.853906720806155	0.604899704843838	0.651335807421583	0.411742614174874	-0.0882012316442737	63
1.63317537985654	1.71185830845653	1.81313144340788	1.3007022828	1.29375957040068	1.39481512528637	0.969531370439423	1.30748403237928	1.87462478641546	22
1.84449544675618	1.91956781272095	1.45743088640026	1.63686420998012	1.6520249558598	1.78764369677029	0.993219778453619	0.703500784238263	1.10230185364265	38
0.199030631567289	-0.190694363941107	0.0814091790903805	-0.577593536545402	0.0879127623708444	0.106656889343025	0.145329396702587	-0.829020530389197	0.00296393127689776	18
0.674145601373147	0.372693655906741	0.58441534891247	0.647460018090097	0.392066807116803	0.367942502102293	0.81557998327567	0.885910221241548	0.958555625399146	31
2.28983606528578	1.36951863240023	1.55886188250189	1.15607107268107	1.56308744841999	1.80122878270058	0.279122445365609	0.0678701011232054	0.158936222635488	54
-1.24003589788417	-0.688675890565408	-0.763577648595021	-2.04005092344258	-2.15136950092498	-1.96081509403893	-2.27655359635688	-1.60321325476742	-2.26885976362895	47
0.412791682690864	-0.2317983535138	0.447041835671528	0.0474542766545467	-0.0214832874629071	0.058954939288616	-0.622345067980578	0.257798719495918	0.0186109969772125	29
0.236861327959383	0.0801715405463318	0.457625378866244	-0.59694773996258	-0.611961822467084	-1.06374041618319	-0.50181951382513	0.039590922078704	0.316873084518249	20
-0.164856073055598	0.59533768719722	0.175169172370904	-0.782217021872343	-0.395112699558769	-0.356917973365497	-0.113509287259059	-0.0767456617553173	-0.134017532320172	31
0.240496801492283	0.135504960225945	-0.291655128151096	-0.499596526797649	0.0665939411590392	-0.598794771940788	-1.20332760576757	-1.69338084560879	-1.64974474011657	26
0.774958617227138	1.81713187755461	0.803637527746463	1.34518206107968	0.639120933887529	-0.323486039173535	-0.0576494904557712	-0.227410509006666	0.450217359013575	65
0.450358003739509	0.795174213583537	0.672494049727005	0.320795637938527	0.873946874567201	0.123224034089509	-0.297299773153186	-0.637669313362732	-1.11302630690034	44
-0.877737249334853	-0.613482022029618	-0.885492845920932	-1.08468029640642	-1.36077979055805	-1.60425779823744	0.193230000200808	-0.548358093343417	0.00200755558729024	62
0.51077968705668	0.41960025962071	0.144550080331924	0.652303001633637	-0.00605619667056301	0.871710784419387	0.265600321742225	0.192874441391009	0.853691015366488	60
-0.0414292554890339	-0.256974564192472	-0.73429366415253	-0.0194946377376143	-0.382548550817264	0.349391179117916	-1.31017446234247	-1.14887885371979	-0.736827717023096	27
-1.19378306468127	-1.10880131880193	-1.19722778029743	-0.045893193841309	-0.408264485359125	0.227959825421632	-0.415228148910809	0.592759754325634	-0.106749826880431	64
0.236402560913162	0.590172901786826	0.903333784668063	0.260883015600246	0.170057541772914	0.921521792304613	-0.0218244593595886	-0.491498746541871	-1.03216550465939	51
-1.50625355775004	-0.849143145947704	-1.24910302286261	0.866596778627743	0.884024429595368	0.357788183589984	0.205445574995814	0.355411738714783	0.0401401725083353	53
0.178749563329743	-0.015227270064335	-0.27867294810714	-0.465243288741503	0.0889520803553418	-1.19413083182421	-0.254530881681298	-0.551735108100477	-0.0413931117733538	40
-1.01326144353291	-1.26351877289123	-0.281755763875008	-1.2908087672693	-0.785836199291959	-0.948873044817592	-1.92328049263394	-1.66438752199215	-2.28481622785324	50
1.66750405261785	1.94898390605823	1.96534377849512	1.21108408212795	1.08716033677123	1.11695822619683	-0.104642035021935	-0.467106218601884	0.102785892083349	35
0.437375832968704	1.11101333062249	0.728376085538154	1.01024181842562	0.549870641164528	1.14232037675547	-0.46363889805322	0.18600941974992	-0.225472982174883	37
-0.183323347273434	0.0153437991958201	0.218772264363473	0.732291087374535	1.54154457493092	1.47123448661708	0.258577330106587	0.0575773004011405	-0.60932702328962	33
0.669085512294593	1.07020378329721	1.16685376203691	-0.151163856231724	0.0416268475111773	0.220034593124268	-0.308315280241643	-0.667783594521936	0.279955531640284	49
-0.0327477779721516	0.507852623718724	0.0266712822953512	0.799159620324002	1.07300917153442	0.057961105079958	-0.010287996505096	1.07915956011155	-0.867078175840573	19
-1.19685533389995	-1.54964814472391	-0.833781323765548	0.171021123281883	0.222566262459047	1.25111203545452	-0.978054989934427	-0.412450949475887	0.344358471327278	64
-0.458342880057919	-0.420091645443868	-0.652333161640864	-0.281806192470748	-1.00171786846048	-0.611820376792893	0.164742612871191	-0.211249528636088	-0.584066710662176	53
-0.925126609208288	-1.02850498909347	-1.06559319777959	1.38633061806296	0.85539331152552	1.3628638950683	-1.01664979181157	-0.675513549780737	-0.954135057079986	55
1.10077459154541	0.833843122981047	0.644232556009909	-0.979189350322876	-0.808400273518987	-0.295508109467202	0.442405936783851	-0.177298280270315	-0.587537713138891	33
-0.682317493471038	-0.719009504312761	-0.109369934739406	-2.04099218357113	-1.40275716061141	-1.84973793310456	-0.350593835439766	0.516010339724073	-0.504204248995763	51
-0.294199200158884	0.0401481634660134	-0.538185316964868	0.091209382926919	-0.348028850765932	0.749271838574019	0.375430964066002	0.608478218222573	0.509487344882723	49
-1.82372199174227	-0.995417234407863	-1.14218027559065	-0.345591681747469	0.029717605320934	-0.460801589511264	-1.27584923088379	-1.41349473247614	-1.61148383972565	63
-0.872159954594908	-1.09999267218309	-0.483044278241197	-1.05801607181275	-1.72181991057791	-0.976140601919219	0.793229948047369	0.620009431139462	0.420100477508388	26
0.0622182910103484	-0.397433098563238	0.148999642229008	-0.728398903713391	-1.10204239612986	-1.41638142361462	0.379566650767337	-0.186802338759193	0.803791650898301	51
-0.408338833285619	-1.06633720579151	-1.71824540575887	-0.648199791132383	-1.04478708906636	-1.59524314482099	-1.34253325086813	-0.770893415032669	-1.48084094819019	56
-0.920334644373015	-0.285858945520356	0.230771903720159	0.908314330812781	0.802151575716551	1.37057012589331	-0.635479502661577	-0.912228516475304	-0.0477993164964734	56
-0.167079412445538	-0.471542349769821	0.41543280437461	-1.8352164158803	-1.82062925443399	-1.52089680414059	-1.14394411289852	-1.55181403982686	-0.680241025632203	43
-0.411082030531701	-0.341052769471042	0.175272328501996	-2.17619098384268	-2.59594107390413	-1.86929405781767	-0.688155967202882	-1.31670281384108	-0.621281959046878	27
-0.263858733888966	0.219819178723094	-0.312005232143833	-1.30390487050887	-1.26214456993743	-1.95723750918005	-1.08023507492875	-1.25919772182335	-0.668976324628895	29
-1.98182150749012	-2.02154792140912	-1.246086779696	0.588832844284769	0.56545512643028	0.630203922058522	-1.60300808945554	-1.90089471075789	-1.57869289904992	37
-0.194042594998818	-0.541087673772391	-0.204644655996573	0.99287393163682	1.07005919093373	0.403629601237869	0.150927275068548	0.366397313277561	0.531626917980896	48
-0.810448305830726	-1.10146506656616	-1.78069686191895	-1.38895293259674	-1.0430723448673	-1.31221153507399	-0.700389557845704	-1.05625319741818	-0.417247880081632	19
0.99808974380896	1.18734120542019	1.11957162358061	0.296756696613711	0.833061863887249	-0.415634732281973	-0.299525154253892	0.218674068502563	-0.440101464275656	62
-0.963630741706755	-1.66033061903454	-0.0792268718930648	0.406745444886876	0.758466166824239	0.758447877524559	-1.01125386718535	-0.362545518608631	0.172907868430629	23
-0.148366493742977	-0.344576118922347	0.480117614871232	0.612592752381941	0.651960788063759	1.28717356715932	-0.126297775520462	-0.426195773156335	-0.20893352387231	18
0.952782314040338	1.37419468406694	-0.448284385089782	0.875873676854522	0.267539349058695	0.776364698605382	-1.45435782775377	-1.40811154401965	-1.44736543290326	29
-0.487490950486134	0.464177933266548	-0.176247802688091	0.0792522854469232	0.596876092906739	0.730356032064804	-0.156295414085967	-0.288420086033045	-0.220735199283867	24
1.17650682228893	1.27796267771843	1.65251659529822	0.916044482723164	1.48021312515854	0.497599757465236	0.286062498680808	-0.0759744879854866	0.126737543901878	54
-0.740821967037096	-1.63062476174257	-1.09780618396642	-1.86146498629884	-1.57321199725754	-1.81599957566373	-0.300403899084094	-0.928335625590579	-0.191113328510757	19
0.787345610206084	-0.31301835714586	0.111927438559283	2.35671408957334	1.99999232501539	2.58900776149233	-0.07535455665047	-0.256121498835298	-0.549068258339536	51
-0.875876036623243	-1.51832388356036	-1.28823985972787	-0.868742174645126	-0.422766111361252	-0.511059602190084	-0.64057954986194	-0.360515340273208	0.158073771905386	28
2.38233797599871	1.55772504209931	2.26657157961588	1.99372747287954	1.03466727056776	0.724162367115588	-0.864883984146094	-0.435137297394693	-0.647500130016531	65
0.128254530034105	0.557541324338511	0.476304482854133	-1.06001967563364	-1.04854552245282	-1.19127772202798	0.761651433331321	0.691222300779351	-0.0349106839011519	57
-0.574040163039278	0.134128852584635	-0.347253476719167	-0.527703576032864	-0.391112206333328	-0.638423357576743	-0.682912305010934	-1.08370933440954	-1.49545348284009	28
0.748750687992355	0.597241265663879	0.731726946325121	0.531176988897272	0.226662606050409	0.849264773386078	0.940371472468202	0.218562704590703	1.25692147762203	20
-0.734855235264861	-1.4734955186075	-1.21616754478684	-0.292067299289246	0.418415629312674	0.0450613193129423	1.32265431991243	0.921105680399095	1.26838525673706	53
1.50289323951793	1.03025606554779	1.29783704727242	0.876210799309005	1.04205675318032	1.39348137148191	-0.12437604822409	0.293228930603319	-0.0773863645842129	34
-1.25452713081857	-1.64847771105633	-1.47060337939767	-1.5992185407626	-1.46743810815129	-1.62439693742188	-1.42447904150188	-0.654155052124978	-0.906686021677809	50
-1.5254038023564	-1.72599279800131	-0.944504632833644	-0.0867265178027973	-0.251307824181633	0.0882954861287766	-1.70144948261064	-1.88431772393348	-1.79601699846437	31
-0.490265567776353	-0.56308489522805	0.299369988533094	-0.581394397896052	-0.873442831158029	-0.254249235690359	0.487522453369648	-0.43770787370253	-0.0806757550521398	28
0.281026753121925	1.53947868891423	0.903180954530274	-1.19863631177186	-0.923704091123062	-1.36255485624236	0.647323504048329	0.506051673606201	0.0156605750913828	27
0.160543204298556	-0.125616350622036	0.0444991228521702	0.966600602701075	0.0273814708235119	1.50105735846882	-1.3216811352108	-0.197504635471686	-1.31110381538757	19
-1.12334550801697	-0.370303918879555	-0.668821966883284	-0.506970484065275	0.219255053772971	-0.136718828713344	-1.30581598757507	-1.28915529979152	-0.94807416367786	29
1.29148468036959	0.913409416240932	1.91461610588712	-0.404568943016042	-1.0923901136298	-0.198133417106305	-0.0241621304093702	-0.873626928537707	-1.08971803908423	39
1.90458073987054	2.44397747350645	2.26981978047678	0.722978647429993	1.3070232763917	1.79147987859175	0.598826360134591	0.662656770885409	0.913334083958183	19
-2.2518630511212	-2.3579406567248	-2.41974198956911	-2.73556406616138	-2.96568788211962	-3.44671995018619	-1.3660165301538	-1.86084368102906	-1.27996782074828	59
1.49763546316348	1.15103387053303	1.5035331349217	2.12793287486657	2.232597109585	2.77775787287203	-0.16273830206236	0.508217358728906	0.330646982712941	18
-0.930201744021003	-0.65639663245127	-0.249343391173283	-2.79226056588801	-2.8747809854496	-2.6851763433535	-2.22481962480608	-2.07552902770126	-1.29820448506897	22
0.915993302711552	0.905899588817786	1.03384716445643	1.09372504751685	0.756870368239428	0.450330879738693	-1.01415249579662	-0.571364437962574	-0.520118822867794	56
-1.73225599848924	-1.75039210474455	-1.99015586135515	-0.510142333067172	-0.327071180268511	-0.927109413971889	0.289457511795155	0.143724553898953	-0.549050224502661	49
0.381499713434921	-0.195156281754779	0.0843231451635382	-1.4717918422319	-1.17684918343381	-0.270580354098144	-1.12847246152686	-1.15743316204494	-0.818490445060288	29
-1.2234628526129	-0.648793033447083	-0.349851884604934	0.0843372372626096	0.45922964875921	0.168436426332515	-0.555440434195914	0.670084896964618	-0.0717783395130411	27
-0.310737135915419	-0.809422450532444	-0.468858101685136	-0.488554472451985	-0.383223799376568	-0.715082263984107	1.33073027668039	0.923676717717373	0.429288062579739	23
-0.795544254429658	-0.691654394680066	-0.332137870332328	1.99092252925625	0.160005414964003	0.661910655524214	-0.362106722846002	1.11779575252765	-0.299920031531093	26
1.30239900844178	0.569951730676392	-0.193635131556249	-1.47494253963895	-0.891979717159388	-0.166723948949362	-1.10909090903543	-0.472844364638696	-1.40210271647637	40
1.92449234813281	0.602032948740128	0.896946298360119	1.64373657558841	1.48534948220344	1.37747283040842	1.92044414862571	1.48967979255378	1.63091409282602	20
-0.13369240500914	-1.0199816826891	-0.0423740350508581	0.477727504366087	0.821143900237886	0.543626492627055	-0.686108750953175	-0.413290079692644	-0.0922529604747186	31
0.304380630831919	0.392489575550554	-0.456238095060899	-1.44871543718099	-1.64356603364749	-0.82228743355989	-1.14054373040367	-0.18143656833129	-0.201489213952769	27
-1.25136773265749	-1.04048344737981	-0.64955340491188	-0.593112320016898	-0.88583876825871	-0.294047460328805	0.124128860773737	-0.325780308310612	-0.692120350982958	18
1.42070710799498	0.869654763974411	0.730902752923895	-0.948784830837294	-0.628453217354086	-0.8277982384142	-0.233105797519532	0.311889756224642	0.735001521951935	20
0.313847140801722	0.66168765841637	1.0527895409965	-1.87729721517074	-1.4181748776224	-2.14575034784216	-0.697253671834885	-0.917349136441792	-0.495147414109616	44
-1.30203346434243	-2.09330255231286	-1.71630458204982	1.75563773617507	1.25843473742334	0.918278586838653	-0.5654828687538	-0.0773651031870829	-0.00977310630562067	33
1.52788035823786	1.37572290779695	1.46802127894497	2.08532560122589	2.50998037263154	2.21437635919307	0.614121858428658	0.756145993937622	1.40849443948835	59
-1.37264829998369	-0.890672287155742	-1.02632145044441	-0.240121426523947	0.0395777764774334	-0.155307629082473	-2.31495058082908	-1.65922756923129	-1.72850367824966	26
-0.888794426275806	-1.2624491776551	-1.54971674125587	-1.82412011958579	-1.52770032189203	-1.8635231398252	-1.01652470749126	-0.155601027225117	-0.501657799856066	25
-1.12942567748757	-1.73993691989879	-1.488689744171	-0.38302861218505	-0.963832312957754	-0.512961465740766	-0.580628150282066	-1.01300912404492	-0.0410747374447135	55
-0.940539944271773	-1.50564335707305	-1.18474080591212	-2.32652067289009	-1.49347246162103	-2.01274866562618	-0.430810492919606	-0.9666783619039	-0.946820987504249	43
-0.791411744308491	0.219146443744801	0.148616942538934	0.610905925435815	0.504625034135207	0.937104542085454	0.0202641226150239	-0.442906746295025	0.527563061811639	61
-0.10549052391828	0.725093775840067	0.113448724294597	0.672711806630836	1.52137059424507	1.03941408363796	0.943013475008515	1.55421033422006	1.48376033632843	52
-0.796359248716793	-1.31078809128891	-0.198642169722988	-1.12220545400571	0.0115897047778868	-0.0136007038247354	-0.899619021520974	-0.573895050334745	0.0947130747090338	47
-0.686900998070155	-0.472838234649103	-0.236464030425027	-0.214943504180428	0.0128890991805466	0.215362642383957	-0.2513380355255	0.319341967986427	0.224923439671546	34
-0.277307594760001	-1.08844648563946	-0.428663705730065	0.547577161470915	1.29699433145677	1.16609374997544	-0.0191688015473819	0.376086847474265	-0.201385333662255	31
1.16353788978523	1.17881061435913	1.54163561235064	1.48684301878016	1.65173627180595	1.10529706477355	2.86064622601725	2.90861941365525	2.37671696050166	51
2.08842809026349	2.38818235574306	2.40998665096954	1.08499589573073	0.854518291627278	0.748733825664761	0.916079260280586	0.0963156836749214	0.199859473855899	48
-1.74103689391333	-1.18032681442918	-0.715520155799447	-0.45752638683237	-1.15537190475419	-1.13952371303966	0.284982933015197	0.256626180870341	0.769660190282096	31
1.72489410605373	1.45551391681688	2.55353260677921	2.00099383167007	1.29969355842553	1.18325320163174	0.80868603810334	1.56933041998214	1.34247117918747	28
1.9593605533854	1.42254181047213	2.11017553194051	0.544934484584743	0.245065502119333	0.995150289999868	0.424794711191243	-0.37637011809739	0.384808568915904	18
-0.43293390776297	0.0103695634184943	-0.469510268579896	1.80403136636133	0.947704751653185	1.65595523644558	1.54672963965637	0.562482969951882	0.181206815942795	39
1.13562015381209	-0.0408770168878807	0.692641439925909	-1.02146422703212	-0.919340182430163	-1.37221888816997	0.0468039476777393	-0.286927502033308	-0.121342043686543	29
-1.80537795066503	-1.34329464372376	-1.82519452610836	-0.945579476352752	-0.66155156698683	-0.0954766566606198	0.00033024211613536	-0.192990638345964	-0.223442369219179	29
0.491066037198	0.187759865031944	0.501791498678675	1.00202339580983	0.857899670737376	1.41914592069026	-1.21839519607588	-1.03286306035158	-1.41413278796286	55
-0.30505294871159	-1.61837476999544	-1.16515253583937	-1.09017771500775	-0.753514468138826	0.0530120046365095	-0.926430310330629	-0.860166991348157	-0.37034946065276	62
0.298917320018077	0.245481800018971	-0.448797091240429	-2.03406674309718	-2.06439321890103	-1.47016893279831	-0.76128036073656	-0.993618005873273	-1.14190979011662	50
0.0287493344712345	0.68727849301907	0.364759924092238	0.233396188223919	1.10095268080699	0.716340769431035	0.772242962233159	-0.0399204223427693	-0.265213978193528	36
1.96446562999349	-0.0692718964553003	0.945526478231781	-0.469211609785039	-0.647314658045654	0.154098291572619	0.281732130693967	-0.701215235282168	-0.212730769856995	65
-0.315719567388532	-0.157754397784373	-0.299966320274985	-0.317117596916785	-0.301382328011773	-0.358829183485008	-0.0975357708063412	-0.686578544356236	0.163136382279986	64
2.67453596775982	2.22240626122729	2.4341103439622	1.55566298873849	1.32663125314591	1.89049758388353	0.783620650003505	1.56340569743029	0.567820527148562	41
0.807547215587807	1.11934416819697	1.29566729632897	2.01583680656503	2.22727224842502	2.84573921296508	1.56044655114287	0.437131139208184	0.794276039116641	57
-0.392467003200858	0.556944435264759	-0.274747128651317	0.154324554897584	-0.639881953402979	0.594089687247626	0.154420997179444	1.21599525964611	1.31611241217774	24
0.891167208943793	0.499450446721725	-0.0768028150626733	0.739011279246883	0.762288440980559	1.12915483530103	0.380107141747472	0.503103456236033	0.189730793835345	62
-0.229215915898108	0.295962135588567	-0.528816930350037	-2.44405764158715	-1.49494380967705	-2.12967121674294	-1.15254421219282	-1.79492365156283	-1.50681121365514	59
-1.17686175250034	-0.506387891265759	-1.08333243880736	-0.193413870616274	-0.493304419212183	-0.102242515330912	-1.71423332664724	-1.18593942040402	-1.31409213971008	46
1.46853978485488	0.323233137926884	1.24948141779183	-1.77050216872086	-1.9577353521422	-1.8020661322704	0.276441372900971	0.237640575131118	0.572815322568704	32
0.967123493763469	1.1438227113363	1.1927734366264	-1.33610077824997	-1.48930534468218	-0.762988322178787	0.246369189831408	-0.443765344787874	-0.173439464475393	61
0.559233391635917	0.282960692306679	-0.129979306726844	1.08772030339181	2.03548524946534	1.89704828941452	0.932652576620966	1.09822760801588	0.39374504219783	65
-0.482788901904972	0.130280363699126	0.350550715784739	0.573815795605277	1.0528120834968	0.415698065670096	-0.0258069689077345	1.00368704144124	0.369420087153258	41
0.215708590507717	0.30481598795191	-0.152288660138578	1.02395642517309	0.575906291648507	0.526016995295101	0.422292101221458	0.233695045448385	0.329862171251896	47
0.854092156645544	0.740203578039049	0.389365378566262	-0.292415184144192	0.640594131581143	-0.190365697897541	-0.553506031696851	-0.117749754825302	0.343243066892599	36
-1.88806811529853	-0.929611276068903	-1.24804394809786	-1.40113609759022	-1.70337579955353	-1.27722251756778	-0.994967180780831	-0.938696037852859	-1.31512557135251	46
1.06066737157586	1.00561155613671	2.13445043451742	0.419753486442557	1.12692371724727	1.22895129537752	0.233293320852238	0.28465138039248	1.08817158115028	27
-1.27224417031638	-1.31575387950812	-0.342619737963292	-1.83422887798952	-1.89582202388021	-0.912156768156052	-1.28146704054546	-1.32019846986996	-1.05936693614645	32
-0.0297039696849054	0.536017725558648	-0.223097860419117	2.50694671989481	2.9202630386913	3.15532422588342	0.621318867806238	0.436580339177259	0.0991891769067126	42
0.745865330885111	1.12545239087356	0.935499024026038	0.699144964169251	0.365313057248527	0.481093141708472	0.131892124148797	0.177575353659831	0.766245941812765	61
0.273255553330003	-0.372578742006258	0.480833127301294	0.0517825213128406	0.391320473594645	0.410043069261864	-0.420517329147011	-0.53449124062009	-0.439440203013814	42
-1.46482921968162	-2.11177011866358	-1.19762551693202	-2.34956544075623	-1.52816793319361	-2.17842143051923	-1.10806702014664	-0.767762945888808	-1.08562110158297	53
0.561962357234357	0.0644606699851015	0.199962428961321	0.855042570546863	0.687140386655854	0.448424926859049	0.281642420042681	0.174581847317982	-0.309313593719705	22
0.124472866964511	0.38597623161282	0.940963684354625	1.45035859797497	1.68928372144889	1.85641506820509	0.504560536954539	0.556756666870115	0.288661530419491	51
0.990624424236804	0.755115712235764	0.481528264486891	0.576757937793709	0.824992881324772	1.53778103388317	0.0787732725125958	0.777356089959724	1.51766540601813	35
0.590381623811237	1.09448381324594	0.820175866215622	0.183615133224366	-0.0367165764025003	0.741775812748258	-0.907846775491443	0.183858869146767	-0.619604096311698	22
0.894535843960768	-0.08209660548777	0.439326171522086	2.05988778364771	1.20027375075448	2.06898978049954	0.135902036377002	0.765878651094675	0.842631179434823	55
0.686987373691784	0.551387530737516	0.939585200676961	1.84879840511051	1.22530011004952	1.9793270671373	-0.71596689960035	-0.781460198557105	-0.273253259399119	53
-0.68899391533194	-0.861271026023478	-0.276199557616354	0.423551987847312	0.116296048291227	0.333318235277286	0.928944673768884	0.25328823367069	0.145750211781809	56
-0.55715149052884	-0.551286888325156	0.227122207931152	1.05668825946623	0.969281600146195	0.266953822065772	0.606630366436924	0.858268982459802	0.994885821275338	35
-0.526788657830042	-0.46467162509399	0.151951516040943	0.395883885206428	0.464229732685701	-0.52769330405989	0.356173022877088	0.420661463815371	1.82201769227756	29
-0.194275820857587	0.749659508133956	0.649210107103393	3.46089340166979	2.82788223995301	3.10574996902567	0.67202032631529	0.00123354993394625	0.640271905056389	27
1.90866484377537	1.27482998597667	1.23447080015758	1.07400521351701	0.699883976142184	0.661028504385894	0.287924402250804	-0.100472544472497	1.43662066281444	22
-0.560131115814189	-1.32086131083438	-0.764089915744567	0.815668123747975	0.398113662651055	0.632433698662574	0.0148204507600467	-0.67531527689742	-1.17160273009705	48
-1.12372284778399	-1.27766371055934	-1.42672413622675	0.762915155320023	1.38135571953749	0.469069174927689	-0.605395042442773	0.330830055057139	-0.271167796433349	33
0.874857689784173	0.41066495580161	0.849576173826552	1.19729343523943	1.37429373457018	0.847645326827804	0.355643266776616	0.242325551521206	-0.102546835653439	29
-0.460241908361372	-0.248800026853963	0.192192580008535	1.45488850809423	0.822351112319782	0.438493523120307	-0.409785264141896	0.680554889540657	0.824577948385869	33
-0.523862734671969	-0.634363812769066	0.348517272941197	0.733030184119623	0.818126649628151	0.745428582922404	0.851249052930148	0.480009981020939	0.0792368511228524	18
0.937713898062634	0.609982445593155	0.555975398017873	-2.39208975440551	-1.41973850616557	-1.95269213197399	-0.64074337331308	-1.08865405795585	-0.0321646943972779	36
-0.882508580408161	-1.12909503474879	-0.556147884550514	-1.25376662077555	-1.07726867558358	-1.12023973822584	-1.42009657569428	-1.11675768155665	-0.828436448128974	44
-0.667949863465752	-0.725177823090462	-1.28283254583081	3.10182697256326	1.964428615817	1.72918547044489	-0.801618234431406	-0.00307692153027495	-0.241745877259508	22
-0.0228933723783081	-0.194353198204121	-1.09071503964535	2.16436881862602	1.49164963791657	0.936639382236413	0.383599868098829	0.310476169587087	0.855810724864491	25
0.0718108529782905	0.115514700172157	-0.151103676052098	-0.987906273395142	-0.0728497645456902	-0.151384253424079	1.51615887707205	0.35366982634095	1.43608917965972	54
-0.95274418925114	-0.730007374780968	-1.00201387129109	-2.62780334315189	-2.87080169032022	-2.46542225385937	-2.33013668254044	-2.46194669167618	-2.12608490227255	60
1.41088100303567	1.1933187236655	0.910167399448259	-0.540412557667081	-0.348742357129209	-0.718331942779365	-0.467188508618324	-0.631723455096878	-1.03937203813553	30
0.357491489487055	-1.18002637011335	-0.225815505711622	-1.10868871301825	-1.22769408442803	-1.07129602421733	0.941261866116441	1.2390460964084	0.255644864535411	65
0.11749004842798	0.199075844858938	0.649770248743583	-1.88896155615869	-1.20381411758879	-1.44496418867118	-0.68048625546335	-1.16086527898898	-0.500137759133703	46
-0.202883235878574	0.125867871199269	0.653272106948018	0.835886401297557	1.07470257755447	0.274173939910344	1.19026609251036	1.43905246259663	1.09699895145787	62
-2.16875414152799	-1.32335306450907	-1.47394691346725	0.0997836358946391	-0.523606363794021	-0.0512995654624168	-1.47335428419573	-1.52671167415591	-0.709526955962518	61
0.125157545631155	-0.2399331944682	0.210915944523437	1.29634660056966	2.15708925469084	2.3988558433606	0.975849413926981	1.84084965518062	1.84337166146886	18
1.70886263621705	1.8074817306587	1.9403428763306	-1.0156111091395	-1.0588555390932	-1.1323843366195	-0.696188183188061	-1.29641223101236	-1.22643348585164	53
0.537062817021488	-0.178282198043684	-0.360711244281116	-1.44925567272528	-1.79420124110295	-1.40425606898812	-0.725788073973516	-1.35533787270817	-1.59798178075084	35
-0.765707788583621	-0.763931342659203	-1.13536977757173	0.00142587383670467	0.143256540941737	0.389342811021069	-0.718847036221255	-0.355979745445914	-0.375649772051929	54
0.968983780660839	1.29903370463537	0.815922398201472	1.08872065461393	1.0092794418767	1.71353944759124	0.323414742575911	-0.283184194340886	0.318632163889392	49
0.0551203509796907	0.35534427888123	0.275729493346989	0.0961774656903316	-0.266427406385232	-0.19686713626055	-1.06812167733042	-0.898975944364966	-1.39278945590325	28
1.47403292091135	0.76810511057356	1.25702117280657	-0.801436400317979	-0.556590660160728	-0.684706424810817	-0.614403450221112	-1.3064810733138	-1.48665946791405	39
-0.365429554194222	0.332395204804107	0.658259751673992	2.34287105884502	2.41607146052462	1.82835721877401	0.388569350102146	0.11883180622715	0.48469512178638	50
0.600519036026566	0.769174440751549	1.02772199874996	1.7348635924065	1.97762888363202	2.12875100804869	-0.883940607978391	0.195823158966255	-0.779727966997323	18
1.20398076189089	1.35210067381814	1.51300083247195	1.58007927880613	1.71769343584991	1.77747604454504	1.54306722876077	1.4168928049899	1.42873388381784	32
1.00424277663367	0.497730895403043	0.5297024635955	0.752581420724314	1.49435297013068	1.16882007801047	0.404620841552761	1.72065310515092	1.04729212128683	63
0.510500576707404	1.18756850832378	0.38224528976516	-0.879929738319664	-1.34587059785406	-0.957269289140866	-0.748965112912627	-1.12971675784557	-0.940251534060624	35
-0.790354084482156	-1.13562704352287	-0.453340144797361	-1.63244445911078	-1.83151641491613	-2.29435012713528	-2.74857846697074	-2.43550525334071	-1.86760036972297	56
-0.139684352049814	0.473716552959308	1.02677509319515	2.43724446937128	2.3550702334971	2.41491600146428	-0.462560961659875	-1.1031438618861	-0.868731305295592	51
-0.317506569476341	-0.179633941434629	-0.676902043362483	0.47253529306472	0.367064991861405	0.704196685415556	0.178430545291002	0.312000050872778	0.0648082108612501	54
1.71260593635699	2.24656184684989	1.7270700637801	-0.0791019584214586	-0.0670893801961896	0.377056772039504	-0.789844922234057	-0.35025528324852	0.107377106319362	32
0.1330887011352	0.862001864238663	-0.43809120762048	1.64492408425356	1.35642308557835	1.19761732079592	0.50641858978878	0.667696458345708	0.335185040525319	58
-0.184686415370192	-0.621744777543273	-1.32215281892785	-1.21596410956861	-0.544795366824333	-0.571297353014651	-1.31349378102019	-0.460507131750336	-0.527629089256034	29
2.34373632776498	1.93192837491115	1.35259216483196	-0.267848219420618	-0.0275850008207623	-0.321247333418195	-0.576175814478707	-1.03906945549557	-1.01185547988112	58
-0.0289740277433526	-0.0788868375119991	-0.685079751716099	-0.353914752861748	0.428938930088937	0.103799082788591	-1.3546993191991	-0.530158490612664	-0.957399872954162	63
-1.51745955998652	-2.18859510070809	-1.48702510839677	-2.31982695779139	-1.96608536522211	-1.53531566985942	-0.637973199080854	-1.05971906274144	-1.15854403140824	28
-1.2840537803518	-1.07390460615962	-1.37773596851149	-0.62032606369188	-1.21767250006394	-0.783167888689294	0.0747954528499963	1.33358320240512	1.39239985803801	48
0.235292533619156	0.297168325294828	-0.0718923265967311	-0.837244536682613	-1.96489285441053	-0.632496290333623	-0.317429292148877	-0.0608129930470952	-0.383885111012305	53
-0.0978568494889888	0.204483476829064	-0.84430042708643	1.10295649961077	0.835885183866067	0.904051109959186	-1.00136990504276	-1.0257662548541	-0.963584881056236	30
0.808650371658913	-0.323378570759661	0.0129831829299282	0.556617395976222	0.567846387104165	0.495589621166518	-0.212456121799234	0.378552815485745	0.0518319972569946	57
-0.732529690483847	-0.624854937561111	-0.362959957833311	-0.336531457628304	-0.490065952034703	-1.43368880112155	-0.738307497340814	-0.714448339531433	-0.243690239019708	33
-2.3144532801547	-1.46091512277614	-2.41201336075318	0.341508678449009	0.331643120049631	0.723506527905445	-1.67549178519289	-1.67904828212735	-1.39208551332637	23
-0.640768869120702	0.105697019169088	-0.577214005912025	-0.394636472320927	-0.770054354082563	-0.00153128710097825	0.3917852123503	-0.0746361536368908	-0.463602282090887	55
1.92693072151578	1.55880808565702	2.73921563576441	0.645270119089843	0.414339263039523	0.982709549526507	0.808746452265972	0.259299385383932	0.412490406674783	51
-0.998351416771763	-1.09404244217136	-0.368458528880894	-0.146089311919972	0.00858149054963455	0.979729584207881	0.174989838566159	0.0407255418939919	1.07560976090886	21
-0.264305618585364	-0.980520128060884	-0.836660991671634	-0.761464952572456	-0.326473374921075	-0.821858554457059	-0.251403505053211	0.186474936479144	-0.540381156763855	48
-0.718363125961176	0.464133637000082	-0.141296790162329	-0.18813127103618	0.0659312849971676	-0.286280125599548	-0.337847636673546	-0.248273677387918	0.30703671804231	19
1.81905098385437	0.751261460611226	1.93011439868852	0.923488579835327	2.09725960231087	1.5735700751728	1.52693087406429	1.9796228347962	1.14413692021044	40
-0.911638760555208	-0.998918858917069	-0.74949815972248	0.322184816126131	-0.091764882185046	-0.580837530902408	-0.851742365787861	-1.0951118251691	-0.876670973441081	25
0.816141413948452	1.00538033775526	0.696693077184816	1.85953727334681	1.71218278595155	1.96327765416404	0.325461764976366	0.769948954866444	0.74698380003587	57
0.15178644143268	-0.666261617687129	-1.18566367139619	-0.914073023714778	-0.681578515345609	-0.848854617130678	2.3149384698391	2.04961261112477	2.19990185596733	58
-0.365425648742767	-0.34331198209428	-0.441128930642151	-0.254843751083866	-0.447479267201622	-0.152240604607183	-0.108329334451155	-0.477554138454076	-0.249268712883709	48
-0.356125226228871	0.292583567171956	0.104754409193878	2.05619537033883	1.17618806110468	1.13800468080231	1.34717767135712	1.00823902721943	1.56406067663404	57
0.644775736981809	0.628170039608925	0.821881135015783	-0.919576519529146	-1.46919359658766	-0.792730619781039	-2.09376662062005	-1.88118425215976	-1.55687295503571	27
0.913538444856404	0.70658688058068	0.762469968999563	-0.627963059310547	-1.33614162095877	-0.589926244016595	-0.328177754965638	0.92293597604736	-0.625672961021532	46
1.63672445692301	0.892854736096854	1.10373912432051	1.3639217577959	0.399068557835411	0.941763065081856	0.246780362881569	-0.342429492525428	0.419126089273049	57
0.66098516463125	1.2679291421745	1.30403140701221	-0.239040936083949	-0.216018885353484	-0.195855138741507	-0.965319596263066	-0.619854387199919	-0.888918347782294	27
2.26804192888093	2.00387733087995	2.90516081299467	0.032846950797746	0.144288149567178	0.0949457728117859	0.171455203519352	-0.72693991075818	-0.720861828005983	63
-0.583514783762654	0.208398903001338	0.283637977311084	-0.837085031307337	-2.37243934135124	-1.59461680498156	1.20946521588352	0.877933857986391	1.81940871797872	46
-1.90681137271412	-2.58071297808811	-3.12956585127474	0.241553373507659	-0.383947132659391	-0.126399756172809	-1.59774826406598	-0.933882543994859	-1.60758130833958	50
-0.352661062100464	0.410962000816263	-0.408144913620792	-0.612761279129323	-1.01410613704466	-1.62131717489388	-0.667583787296702	-0.948356998643362	-0.522466088698388	33
-0.167582785771013	-0.0937704867016148	-0.939141518718145	-0.467318223901605	-0.801407966871844	-0.577200202754414	0.573415131883631	0.34895150340125	0.312755257283319	42
-0.486328488062095	-0.546507693926623	-0.253659232524185	-1.48680875400987	-1.44040578552843	-0.0405986354663158	-0.641227306567375	-0.0161174920703068	-0.434109109707476	45
1.26720208662081	0.931041386780337	0.8949723501469	1.01105489082146	1.55810138874799	1.43763297859156	0.407833079323182	0.927282636895735	1.07059226124575	18
-0.0826496731300159	-1.13734379571896	-0.0687216370762787	-0.764595982271496	-0.577955179728132	-0.299895889854699	0.384978878558576	-0.0353667333189762	-0.424461549287026	37
-0.581631980293853	-1.23700110668935	-0.809603963339757	-0.0563196016898117	-0.281486136212737	0.676082179685042	-0.434086362012755	-0.7877217470672	-0.624154866569942	59
0.847933327549522	-0.294654467774615	0.700333604986065	-0.140521625650696	-0.294926951244365	-0.0348147295467052	-0.125655090820962	-0.355933231786758	0.0876980503460746	29
1.21146139293471	0.959281499363031	0.52488870571496	2.00886840509726	1.89131040424904	1.52115975650689	1.19660599351562	1.51334362710207	1.89541127692328	23
-0.363799432548297	-0.628294506939198	0.739904646242605	0.948099696691755	-0.0933542287353422	0.777197298552889	-0.54955067666547	-0.305000836662699	-0.0877195154057132	56
0.46588523499125	0.362250975193239	0.357127683437041	-1.66015801593909	-1.51456248530707	-1.6411851155811	0.661956630165271	1.5186426581871	0.82340087193904	54
0.531129015197562	1.20756072812636	0.677310366972166	1.38986039275049	1.8310365831387	1.11967880244477	-0.0609983910381486	0.211107506783566	0.520840162740633	56
0.192679649364804	0.629745934601184	0.235475635011485	0.570149241668312	-0.365088941589749	0.516275466504235	0.267909859676219	-0.370605993492272	-0.487679440276785	48
-1.38850905216258	-1.08939824953102	-0.773576336126039	-0.870553925372366	0.908400379124929	0.138354172467075	-0.292148094264006	-0.257886312594247	-1.08455950445424	34
0.514383950605094	0.401714401516238	0.760978346183705	1.57911125232452	1.21082047736899	1.6617510831638	-1.26064321679393	-1.50831229001807	-2.16773577283332	50
-1.66683464776054	-3.00938775832935	-1.76929538699117	-0.0490097194211918	-0.0485443892390002	0.0406222089591176	-2.53581774726637	-3.22133201578358	-2.1624712617685	19
1.5354568716637	0.127664515699837	1.23835263535369	2.79138750890531	2.77404952527305	2.95252960016267	-0.0260777068552376	-0.0947271286599895	1.01770131253888	18
0.00308461618561584	0.997516425478597	0.335568570185873	-0.379061565284829	-0.554520575347348	-1.05023890004948	-1.16709330339596	-0.753916448032502	-0.35942949416487	41
1.79695347962686	2.2351599980498	2.06032271556724	1.32454273922741	1.02125261328865	1.03939323120429	1.20868438804579	1.90783521222021	2.27547015201589	57
-0.569236064708611	-0.28883451376968	0.726397986027887	0.0504920640024347	1.12808645676118	0.146534135499206	1.01037458128212	0.101771691504067	0.801632391237343	57
0.218801322841139	0.353026246010792	0.72421669350486	0.640231170194595	1.33480627558262	1.40618811460383	-0.534891560156752	-0.205348067492484	-0.50795419529851	27
0.990813077434395	1.49062860993989	1.04298631209125	1.07980708679997	1.25536021219351	1.96820274572965	0.894591662076573	0.872349668684477	1.34846425836828	49
0.244663038269887	0.294928020490464	0.66962731757027	0.66053631746131	1.1825839315493	0.324639184670385	-0.385053774102999	0.317829681889762	-0.619011243714227	18
-0.123617501477672	-0.063609220670119	0.467313306642693	-0.872302886339454	-1.27234281956461	-1.26505217285028	-0.653138764887443	-0.299101517081361	0.128228940362362	35
-0.410572756839588	0.0220770548380701	0.128934704764648	-0.629296657719031	-0.0404828858762083	-0.514922108851622	0.00568774575434661	0.307038037816411	0.689584531273392	45
0.520543935933647	0.274307485215736	-0.217984842293279	0.047220559789606	0.0676080699463644	0.502707984108379	0.794125608487106	-0.323842865199045	0.231281721984101	36
-0.900833920909372	-0.750180519482458	-0.756739704355422	-1.18634619040176	-0.228386632513182	-0.945515177432146	-0.995441588789775	-0.824709837105996	-0.744487500439011	54
1.27855003805468	1.45070736938853	0.127031717454415	0.098784856241757	0.0322351647368402	0.842117350032412	0.0693472897589109	0.606161074396889	0.447238439638003	58
-0.173201077925727	-0.521756931960587	-0.171935790494067	-0.252998967622904	-0.447632928102875	-0.949226876557838	-0.693142630025171	-0.977412999742428	-1.24268192918141	35
-0.0925308793068911	0.760833967353826	-0.102853127929978	1.05063942063832	0.885618292494584	0.126823258131649	1.78666949721601	0.808194381042602	1.12241140720534	49
-0.253623958475951	0.659827117138077	0.897196121171774	0.333717636881184	0.880540164646952	0.182234683209047	0.116261501454337	0.177007891580468	1.16644890790325	39
-0.286263098592648	-1.09182534865796	-0.150634092803178	0.594618236699235	1.1405272134325	0.0779454958117464	-0.642466572513558	-1.57037132989217	-1.04578223696604	36
0.098108135002941	-0.478426954933993	-0.244296574409793	-0.239540126317714	0.179222835771145	-0.794455357223815	-0.334549730386668	-0.44477709294666	-1.09879022602659	19
1.6595061628332	1.37754021084015	1.49691447775495	-0.309970477120197	0.702046615949161	-0.285643677133447	-0.686499247237595	-1.42299181906109	-0.84198126531908	42
-0.875340807728018	-0.288524619136372	-0.991975895989575	0.868190473096951	1.50718255475433	0.742453602391558	-0.810963321618207	0.73740382080868	0.506088212123437	64
-0.174775582932448	-0.799299360338762	-0.774950305019025	-1.12052892351322	-1.71131988648754	-0.497985326806071	0.03773587304808	-0.535851804282691	-0.438025480279711	44
1.43772557752862	0.956731524152803	1.75060678832081	-0.861093904874917	-0.49257697967688	-0.30221853479674	0.219725933867269	0.108010624195203	-0.0550462861140627	36
-0.809644969169858	-0.456620786944672	-0.76552740810866	-1.47761966400119	-0.376054890604109	-0.817034346510661	0.102131555812707	-0.163940970031736	-0.507768203779335	30
0.233100455106359	-0.307645709362288	-0.0152794811722806	0.962219198190207	1.41329020495875	1.81496805534373	-2.65170193131159	-2.08929843757848	-2.59129258628716	37
-0.368430854402297	0.558022637543783	0.739674141089817	-0.349853714433584	0.151428233735587	-0.166954361123584	-0.325207056683156	-0.627257686531723	-0.0270483894912409	41
0.342849983788572	0.480004305192115	0.50749062615269	1.27852260896095	1.11978686892757	1.58292595451144	2.23916062060912	1.98149346763937	2.13181993510365	44
-0.177789539247418	-1.00811694734825	-0.583730898120185	-1.67229338301302	-1.06688376946378	-0.741460369117257	0.234848670946526	-0.154967502935283	-0.67988260917678	21
-0.790717265812422	0.740308857786225	0.461041344286683	-0.0855233797462404	-0.473333922568078	-0.679497633697839	-0.619003688637681	-0.490928449587902	0.131693437721118	39
0.149205793159513	0.0594146657463474	-0.0834174848101951	-0.437870793131032	-0.221819038235657	-0.55112500519229	0.375608550577046	0.0460754517721116	-0.0181909972191072	45
-1.09278787539887	-0.927426131149712	-0.714868442679041	0.0144488116773709	0.569042610621711	1.13721883766566	-0.0752672187131559	0.227857527911341	-0.106063120512887	25
-0.122293446765447	0.250116936139381	0.306184178514177	-0.246606050141848	0.294977540784451	-0.352984939747848	-1.1526418472914	-0.904734725927026	-0.665302301431104	49
0.920621408263294	1.39143935247855	2.24193793740691	1.25753989469848	1.11539071014985	1.46260043685261	0.297089622654455	0.7959202767855	1.04135858711631	23
0.603057841283296	0.975806165009807	0.757465211596064	-0.0122624765288492	-0.0550269801521583	0.885424416862388	1.05208643278138	1.5509955678989	-0.0651056829626641	51
-0.564518013949322	-0.541722159551986	-0.687610760215324	0.378720766315271	0.386905654630553	0.0147743162990132	0.0476728773062595	0.047487498580383	0.486254456857099	32
0.190786078222487	0.0623584953555919	0.156397280189816	2.26241057473265	1.68202014261703	1.69627183663985	0.843109438579493	-0.609206536479443	0.326701709390282	21
0.236097875935676	-0.350816493721049	-0.801475952176538	-0.334295033406551	-0.629574067734637	-1.12606786685105	-1.25203067853421	0.163795376942892	-0.474706528788276	37
-0.137088523808823	0.0627569132712938	-1.04930833033796	1.14455048802054	1.2283366619209	0.467490418121946	0.10270405845271	-1.60325980663071	-1.11940309528526	65
0.867773215771838	0.245867923362387	0.565711966199318	1.73577197385953	1.49866823720137	1.01774804942798	0.0234258090247754	0.323361761508744	0.126861808034347	58
0.571280897262699	1.06509189711038	0.629899339111479	1.43962431586614	2.6257072716717	2.614192528208	1.13826368479689	0.820641164277228	0.587786596552554	45
1.09298068514815	0.851326759885085	0.653045473697172	0.360548164045129	0.607512529050235	0.494265097654204	-0.0295561817941079	-0.192003941384813	-0.484372011340142	20
0.973040450911176	0.224347575459816	0.442854371055731	0.293519372365941	0.874766946055144	0.276191176090641	0.440448519540964	-0.185800604615702	0.312889245818753	55
-0.459784685215056	-1.10809174155179	-0.73346590434427	-0.724213710313717	0.450850943743733	-0.0164780120240255	-0.049656781419951	-0.187600427693851	0.264003777987398	43
-0.172423405902925	0.133141971177586	-0.0782520826764165	0.731467273236675	0.526753773449043	0.0459122171574164	1.03605309010306	0.520031475971285	0.930155352325535	56
-0.596240558116591	-1.35938896767464	-1.94173420650578	0.316735733957977	0.417881610976852	-0.0739837711666758	-1.89734637780845	-1.74934202807189	-2.1501483627803	20
0.449725619607326	0.63708546206653	1.48819545321819	-0.0591150633336005	-0.375459221944747	-0.0959541515255295	0.51177366141261	0.0577388164537873	0.0827315839739232	30
1.33910290122584	1.11861858834225	1.40607076778756	0.731880859665374	1.86119329525029	0.964462388984777	0.728482925087184	1.27408721908373	0.826102283268466	47
-0.875367426475974	-1.98967406773737	-1.2317239346583	-0.168651345360126	0.314647769131335	-0.342322923718468	-0.86804438061691	-1.14646339726168	-0.37236182320997	49
-0.116230594680638	0.311337596492614	-0.636330600847426	0.960194591971893	0.0585838187704622	-0.111852276084236	-0.951332409343498	-0.618382185416699	-1.13689286361784	38
0.804055321951732	0.484248305441283	1.13529614712231	2.75017132086085	3.04436213371504	2.30618018013364	0.300796644532744	0.483495730795004	0.713587152508206	38
-0.0964021714147272	-0.145581146551072	-0.180433376058404	0.165678766250221	0.404592200357923	0.453905909681894	0.759183224555404	0.660852090434844	0.476825807563709	33
-0.0103999349117555	-1.09713562229472	-1.0271802502307	-0.751582189597758	-0.440734590810949	-0.944700380775195	-1.17421232924422	-1.35073361845546	-1.73353691726688	37
-0.374241640459318	-0.61818582652287	-1.25787443746118	0.530000565503408	0.0850043888754494	0.214260573557234	-0.222174469183009	-0.32449565266979	-0.593014322583984	51
1.37780173505664	1.49298233815472	1.24313796384119	0.19257575618261	-0.258610341707524	-1.02982624049812	0.134577713655487	-0.146440093751019	0.117764378119977	50
0.0283274782849096	-0.0462738424399365	-0.539845756748456	-0.995794763776726	-0.885361022544415	-1.06891713865299	-0.256007665758369	0.507506494832147	0.630213182607166	41
-0.0103243062501142	1.36262538739071	0.922500860103474	0.191185218231017	0.767844521629097	0.432151190871649	1.12998777560852	0.606133933262234	1.52228263121816	37
-0.675766996743241	-0.161891918917465	-1.37445140483667	-0.490780208571966	-0.526670908791912	-0.462922916382787	-0.678997552880153	0.265700083437287	-0.2012793811672	25
1.56186188846475	1.60517894747134	1.18677735100144	0.360688213798041	1.0213571832869	1.97248200086193	1.51816567464981	1.21293259706543	0.618617415237675	51
1.52310794857074	0.335714173677556	0.151384563988579	0.518098288475029	0.384125663763094	0.486301725825827	0.524782833789582	0.140947156559365	1.25215905939096	39
0.0772898261795089	0.180088636981409	-0.457903596272276	-1.14343222964605	-1.76803026445623	-0.77220174742892	1.18915051665625	1.33732588861303	1.10147616456916	37
1.41479759979391	1.17745019308096	0.872200902969821	-0.0661376243010912	-0.261390536873954	0.234248658800803	1.48751169824409	0.996304947501278	0.85421678601841	29
-0.334055787701159	0.338830558428207	-0.0500655189675775	-1.09997220690067	-2.34955336872438	-1.57630843516512	-1.70366213270702	-1.4167440376701	-0.855158879789283	20
-0.864491642946631	-0.885535704189109	-0.625642887466758	-0.10428759064293	0.121477430956822	-0.191915928762726	-2.03506487122765	-1.2007734729199	-1.9216422827123	55
0.0288486770850226	0.0984878247493346	0.643865395857548	-0.963076208736044	-0.922097393755125	-1.64927632939768	-0.989479996309726	0.103713112368453	-0.5156700261966	29
0.151235466832082	-0.420301939341737	0.767898724050061	-0.791627492892701	-1.87567492992323	-1.27681488436429	-0.729293966415117	-1.30658325958285	-0.487688269413626	44
